<?xml version="1.0" standalone="no"?>
<!DOCTYPE svg PUBLIC "-//W3C//DTD SVG 20010904//EN"
 "http://www.w3.org/TR/2001/REC-SVG-20010904/DTD/svg10.dtd">
<svg version="1.0" xmlns="http://www.w3.org/2000/svg"
 width="3000.000000pt" height="3000.000000pt" viewBox="0 0 3000.000000 3000.000000"
 preserveAspectRatio="xMidYMid meet">

<g transform="translate(0.000000,3000.000000) scale(0.100000,-0.100000)"
fill="#000000" stroke="none">
<path d="M14355 25745 c-168 -14 -224 -20 -565 -65 -84 -11 -168 -25 -350 -61
-622 -121 -1198 -306 -1795 -577 -145 -66 -470 -232 -575 -294 -19 -11 -55
-32 -80 -46 -199 -109 -605 -380 -820 -545 -170 -131 -259 -201 -322 -255 -36
-31 -104 -89 -150 -128 -108 -92 -619 -603 -712 -712 -136 -161 -161 -191
-237 -284 -132 -163 -267 -347 -409 -558 -68 -101 -170 -261 -170 -266 0 -3
-8 -18 -19 -32 -10 -15 -28 -43 -38 -62 -11 -19 -45 -78 -76 -130 -80 -137
-139 -248 -206 -385 -78 -158 -151 -314 -151 -321 0 -3 -14 -36 -31 -72 -82
-176 -214 -534 -298 -807 -73 -234 -174 -643 -212 -852 -5 -29 -14 -79 -19
-110 -17 -90 -37 -220 -49 -318 -7 -49 -16 -121 -22 -160 -45 -334 -62 -1019
-35 -1415 16 -227 43 -511 52 -538 2 -9 41 21 103 78 224 208 470 361 779 486
51 20 95 40 97 44 3 4 18 61 35 126 33 131 41 154 76 232 13 29 24 55 24 59 0
13 57 121 103 198 83 136 156 224 305 372 l143 141 5 59 c3 32 9 83 14 113 5
30 19 114 31 185 40 248 125 601 203 840 86 266 118 354 231 624 53 127 250
516 312 613 12 21 23 39 23 42 0 20 274 433 386 581 244 324 437 538 794 881
222 213 579 485 908 693 63 39 116 71 118 71 3 0 23 12 45 26 98 61 407 224
514 271 28 11 97 42 155 68 580 258 1252 429 1955 497 174 17 906 17 1080 0
711 -69 1332 -225 1950 -490 169 -72 353 -160 415 -197 19 -12 78 -44 130 -72
136 -73 209 -115 278 -162 33 -22 63 -41 67 -41 9 0 295 -200 420 -294 113
-85 205 -160 349 -283 126 -107 515 -500 617 -623 313 -376 586 -773 757
-1100 31 -58 65 -121 77 -140 12 -19 26 -46 30 -60 4 -14 31 -72 59 -130 129
-262 291 -698 362 -970 14 -52 33 -126 44 -165 51 -196 123 -580 140 -753 l8
-83 149 -147 c277 -275 416 -515 508 -876 13 -55 28 -103 32 -107 5 -5 53 -26
108 -49 310 -127 541 -272 766 -480 61 -57 101 -86 103 -78 9 29 37 314 51
518 30 446 12 1096 -44 1525 -133 1021 -457 2008 -943 2875 -17 30 -42 75 -56
100 -219 391 -535 833 -918 1282 -94 109 -611 628 -720 720 -395 337 -662 537
-1019 763 -94 60 -285 175 -290 175 -3 0 -26 13 -52 29 -136 83 -555 292 -748
373 -652 272 -1227 442 -1828 542 -210 35 -270 43 -562 76 -288 32 -1070 40
-1390 15z"/>
<path d="M12740 22254 c-318 -26 -360 -34 -360 -68 0 -47 60 -71 225 -91 33
-4 65 -10 70 -15 6 -4 37 -16 70 -25 183 -54 329 -115 400 -168 106 -80 114
-97 44 -97 -22 0 -56 -7 -75 -15 -29 -12 -44 -13 -81 -3 -56 14 -286 5 -428
-18 -55 -8 -129 -19 -165 -23 -86 -11 -228 -39 -315 -63 -38 -10 -97 -26 -130
-34 -119 -30 -290 -92 -463 -170 -29 -13 -55 -24 -58 -24 -17 0 -227 -111
-367 -194 -43 -25 -80 -46 -83 -46 -4 0 -24 -14 -46 -32 -22 -17 -66 -49 -97
-70 -31 -21 -78 -54 -105 -73 -182 -127 -646 -591 -759 -760 -81 -121 -108
-166 -105 -177 3 -7 43 25 91 69 47 45 117 104 154 132 37 28 84 64 104 81
132 109 507 321 646 364 213 66 358 101 506 122 67 9 59 -8 -18 -35 -99 -35
-265 -124 -372 -199 -52 -37 -110 -77 -129 -89 -100 -67 -538 -508 -667 -672
-111 -142 -257 -342 -266 -366 -2 -5 -22 -36 -43 -68 -63 -93 -150 -259 -251
-477 -26 -57 -43 -110 -35 -110 3 0 54 50 114 111 60 61 152 145 204 187 52
41 115 95 140 118 52 49 358 253 410 273 19 8 80 33 135 56 110 47 155 60 155
46 0 -5 -29 -25 -64 -45 -78 -44 -160 -117 -233 -208 -49 -62 -170 -281 -203
-368 -9 -23 -84 -106 -214 -235 -111 -111 -223 -228 -251 -260 -27 -33 -79
-92 -116 -131 -37 -39 -85 -98 -108 -130 -22 -33 -83 -120 -135 -194 -84 -119
-234 -356 -245 -385 -2 -5 -18 -28 -36 -50 -110 -139 -189 -304 -210 -440 -4
-22 -17 -76 -30 -120 -13 -44 -26 -96 -30 -115 l-6 -35 26 28 c18 20 27 24 30
15 3 -8 4 -99 3 -203 l-3 -190 -65 -2 c-182 -7 -399 -47 -554 -104 -168 -62
-363 -170 -465 -257 -122 -104 -311 -314 -311 -345 0 -4 -13 -28 -30 -54 -43
-68 -98 -215 -120 -324 -19 -89 -20 -144 -20 -1101 0 -1104 -2 -1068 61 -1249
134 -386 464 -691 914 -845 71 -25 166 -51 212 -59 45 -8 93 -17 106 -20 13
-4 79 -9 148 -13 l124 -7 6 -325 c5 -265 9 -336 23 -384 99 -336 392 -589 786
-677 65 -14 125 -19 258 -19 155 0 173 -2 178 -17 21 -62 108 -222 140 -256
22 -23 34 -28 68 -25 47 3 44 -20 31 208 -9 155 -16 141 95 191 41 18 97 47
123 63 27 17 51 26 55 20 5 -5 19 -60 31 -123 21 -105 50 -209 71 -256 5 -11
18 -45 29 -75 19 -54 52 -127 72 -164 6 -10 19 -33 28 -50 10 -17 33 -58 51
-91 19 -33 66 -107 104 -164 39 -57 81 -118 93 -136 12 -18 47 -59 77 -92 72
-77 83 -68 62 53 -33 198 -39 275 -33 442 4 119 12 191 27 252 28 113 75 251
111 327 16 34 29 65 29 69 0 3 18 33 40 65 22 32 40 64 40 70 0 6 37 49 82 96
78 79 131 118 148 108 10 -6 -5 -85 -30 -155 -11 -30 -31 -103 -45 -162 -23
-99 -25 -127 -25 -338 0 -163 5 -257 16 -322 53 -316 140 -524 319 -766 11
-15 44 -61 74 -102 83 -115 134 -173 281 -324 237 -243 743 -746 747 -743 8 9
-33 100 -131 294 -58 113 -104 208 -102 210 2 2 34 -43 72 -99 151 -228 228
-318 490 -583 181 -182 320 -313 424 -400 46 -38 118 -101 161 -140 42 -38
105 -92 138 -120 209 -169 529 -494 596 -604 6 -9 27 -44 48 -77 20 -34 37
-69 37 -77 0 -35 21 -25 40 18 11 25 32 65 48 88 15 23 34 56 42 72 19 37 419
439 518 520 40 33 95 78 121 100 27 22 73 60 102 84 30 24 80 66 111 95 31 28
81 69 110 91 89 66 223 190 433 401 196 196 249 254 330 359 22 28 58 75 80
103 22 28 60 79 84 114 25 34 46 57 48 51 3 -7 -22 -61 -55 -120 -33 -59 -65
-125 -71 -145 -7 -21 -17 -40 -22 -43 -18 -12 -59 -115 -45 -115 7 0 651 652
682 690 16 19 65 76 109 125 44 50 89 103 100 119 11 16 32 43 46 60 35 42
132 184 151 221 8 17 28 55 44 85 31 58 98 218 109 260 3 14 10 34 15 45 15
35 38 128 45 185 4 30 13 80 21 110 10 38 14 116 14 257 0 178 -3 220 -25 331
-14 70 -30 138 -34 152 -17 47 -44 180 -38 186 19 20 142 -95 229 -213 66 -91
98 -152 151 -293 37 -98 44 -127 61 -228 21 -123 22 -532 1 -647 -19 -103 -19
-145 -1 -145 24 0 226 238 226 267 0 5 18 31 40 58 22 28 40 53 40 57 0 3 22
44 48 90 52 90 120 228 133 268 4 14 24 70 43 124 50 137 106 363 106 428 0
41 18 43 58 9 20 -17 77 -59 126 -94 l89 -62 -7 -179 c-7 -182 -16 -244 -63
-394 -14 -45 -23 -85 -20 -88 9 -9 54 47 114 142 88 139 129 216 204 382 11
23 23 42 27 42 4 -1 36 -7 72 -15 92 -20 391 -20 490 1 402 83 706 340 806
680 14 48 18 119 23 384 l6 325 121 7 c67 3 179 19 250 33 618 130 1069 536
1179 1063 22 107 23 2035 0 2157 -34 187 -105 349 -225 509 -56 76 -235 248
-316 305 -257 179 -606 291 -944 304 l-65 2 -6 330 c-5 329 -5 330 -33 408
-35 99 -87 199 -135 257 -57 70 -171 179 -231 220 -45 31 -72 63 -144 171
-101 152 -302 424 -336 454 -13 11 -40 43 -61 72 -45 60 -322 341 -451 457
-65 59 -92 90 -108 129 -75 178 -138 276 -256 399 -44 47 -106 102 -137 123
-31 21 -57 41 -57 45 0 15 104 -24 250 -93 91 -43 480 -314 519 -361 8 -9 18
-16 23 -16 16 0 94 -68 229 -199 182 -176 183 -151 9 199 -90 180 -150 282
-282 477 -150 221 -260 353 -459 548 -180 176 -266 250 -466 397 -80 59 -302
177 -408 218 -64 25 -82 36 -73 46 8 7 225 -39 338 -72 182 -53 475 -182 610
-268 248 -159 312 -207 440 -330 63 -62 125 -120 138 -131 l23 -19 -11 28
c-39 103 -240 363 -426 551 -326 329 -465 443 -746 610 -18 11 -51 31 -73 44
-97 58 -198 112 -275 145 -36 16 -87 39 -115 51 -116 52 -174 75 -250 100 -44
14 -87 29 -95 32 -49 20 -257 76 -365 99 -44 9 -93 20 -110 25 -32 9 -104 21
-270 44 -156 21 -394 30 -452 16 -41 -10 -54 -9 -78 3 -17 9 -47 16 -67 16
-30 0 -38 4 -38 18 0 18 29 52 44 52 5 0 27 12 50 28 81 54 262 132 389 167
31 9 57 20 57 24 0 5 23 11 51 13 27 3 54 9 60 15 5 5 4 29 -4 62 -19 85 -15
84 -330 85 -278 0 -329 -5 -492 -46 -44 -11 -105 -26 -135 -33 -200 -49 -510
-203 -708 -352 -88 -66 -372 -345 -430 -423 -22 -30 -62 -82 -87 -115 -25 -33
-55 -76 -65 -95 -21 -40 -56 -80 -70 -80 -5 0 -33 35 -61 78 -29 42 -85 118
-125 167 -73 90 -332 350 -434 436 -54 45 -174 129 -184 129 -3 0 -36 20 -73
43 -90 58 -185 108 -258 136 -33 13 -75 30 -92 37 -18 8 -67 23 -108 34 -42
11 -80 22 -85 25 -5 3 -75 17 -157 31 -143 24 -425 39 -553 28z m-209 -4420
c8 -6 57 -21 109 -33 114 -28 187 -51 285 -91 11 -5 47 -19 80 -32 33 -12 107
-46 165 -74 58 -28 125 -61 150 -72 25 -11 74 -37 110 -57 36 -21 81 -46 100
-57 19 -11 47 -29 62 -39 14 -11 29 -19 34 -19 4 0 30 -17 58 -38 28 -21 58
-41 66 -44 25 -9 320 -229 340 -254 12 -13 10 -14 -16 -8 -16 3 -66 22 -110
40 -45 18 -119 45 -165 59 -46 15 -97 33 -114 40 -16 7 -43 17 -60 21 -16 4
-52 17 -80 29 -27 12 -84 30 -125 40 -41 10 -80 21 -86 26 -14 11 -308 85
-424 106 -76 14 -149 18 -360 18 -243 -1 -272 -3 -350 -23 -245 -66 -430 -146
-610 -266 -139 -92 -223 -162 -350 -290 -57 -58 -108 -106 -112 -106 -3 0 -9
111 -11 248 -3 136 -8 264 -12 284 -7 38 -7 38 126 174 134 136 157 155 279
236 58 38 169 96 225 117 11 5 47 21 80 36 33 15 89 32 125 36 97 11 575 6
591 -7z m5244 -2 c11 -6 56 -21 100 -32 44 -11 89 -24 100 -29 11 -5 36 -16
55 -24 168 -71 287 -154 444 -311 118 -118 210 -224 229 -266 4 -8 32 -53 62
-99 l55 -85 0 -278 c0 -153 -2 -278 -4 -278 -2 0 -42 52 -90 115 -100 133
-376 415 -486 497 -115 85 -167 117 -295 181 -71 36 -89 41 -155 42 -91 2
-126 15 -165 61 -28 33 -37 37 -140 55 -122 21 -401 26 -555 10 -118 -13 -356
-72 -525 -131 -27 -10 -70 -23 -95 -30 -73 -19 -179 -62 -191 -77 -6 -7 -22
-13 -35 -13 -13 0 -43 -9 -67 -19 -23 -11 -64 -27 -92 -37 -154 -52 -190 -66
-216 -85 -16 -11 -36 -18 -44 -15 -29 11 -15 43 33 76 26 19 80 63 121 98 40
35 84 68 98 73 14 5 101 55 195 112 230 139 221 134 328 187 190 94 357 170
374 170 7 0 16 3 19 7 8 7 96 40 142 53 121 33 283 72 355 84 53 9 425 -1 445
-12z m-4875 -1351 c30 -6 100 -17 155 -26 55 -9 112 -21 126 -26 15 -6 53 -16
85 -24 90 -20 280 -72 384 -105 30 -10 75 -23 100 -30 25 -7 62 -19 83 -26 20
-8 54 -18 75 -23 20 -5 71 -19 112 -30 396 -110 499 -125 845 -125 229 1 443
18 531 43 18 5 72 17 120 26 49 9 123 27 164 40 41 12 122 37 180 54 58 17
143 43 189 58 45 14 99 29 120 34 20 4 86 21 146 39 61 17 135 37 165 45 30 7
89 22 130 33 171 46 255 55 515 56 336 1 444 -20 660 -131 39 -20 141 -118
169 -163 40 -64 68 -184 74 -321 5 -143 -2 -217 -24 -226 -8 -3 -65 6 -127 21
-62 14 -156 30 -209 36 -122 13 -674 13 -747 0 -31 -5 -117 -17 -191 -25 -74
-9 -157 -22 -185 -29 -27 -8 -102 -24 -165 -36 -63 -12 -119 -26 -125 -31 -5
-5 -19 -9 -31 -9 -12 0 -64 -11 -115 -25 -52 -14 -112 -30 -134 -36 -21 -6
-53 -16 -70 -24 -16 -8 -71 -27 -122 -44 -96 -31 -266 -93 -318 -116 -89 -39
-126 -47 -192 -43 -58 3 -77 9 -127 42 -33 21 -106 85 -162 142 -57 57 -108
104 -114 104 -6 0 -64 -54 -128 -119 -189 -192 -243 -207 -439 -120 -24 10
-49 19 -56 19 -7 0 -17 4 -23 8 -15 14 -231 97 -324 126 -47 15 -105 33 -130
41 -108 36 -201 56 -288 64 -51 5 -98 14 -105 19 -29 24 -213 62 -407 84 -128
15 -761 22 -825 9 -27 -5 -99 -17 -160 -26 -60 -9 -135 -24 -167 -32 -31 -9
-63 -13 -71 -10 -23 9 -31 138 -19 301 10 139 14 157 56 246 66 143 309 278
541 300 114 11 502 5 575 -9z m-965 -1001 c22 -5 72 -20 110 -35 39 -15 90
-32 115 -39 65 -19 268 -102 299 -123 35 -24 115 -68 176 -99 28 -13 73 -38
100 -54 90 -55 333 -170 392 -186 192 -53 264 -63 442 -64 162 0 285 13 413
46 67 16 98 18 98 5 0 -6 -50 -61 -110 -125 -79 -81 -138 -132 -205 -176 -132
-85 -282 -159 -405 -200 l-105 -35 -205 0 c-221 0 -224 1 -382 64 -172 68
-334 185 -491 353 -114 122 -135 149 -184 238 -16 30 -39 71 -50 90 -10 19
-30 62 -43 95 -13 33 -26 65 -30 70 -8 11 -30 130 -30 163 0 25 25 28 95 12z
m6019 2 c15 -25 -43 -200 -111 -332 -89 -174 -162 -276 -285 -396 -164 -162
-334 -269 -513 -324 -22 -7 -45 -17 -52 -22 -20 -16 -315 -23 -396 -9 -88 15
-181 39 -224 57 -17 8 -35 14 -40 14 -5 0 -66 29 -136 64 -156 79 -220 124
-352 245 -51 46 -125 133 -125 145 0 9 37 7 79 -4 171 -45 546 -55 708 -20 51
11 102 24 115 29 13 5 41 14 63 21 22 7 69 26 105 42 61 27 78 36 155 75 17 9
37 19 45 23 33 14 106 55 120 66 15 12 123 71 190 104 70 35 210 100 214 100
3 0 29 11 58 24 148 68 366 124 382 98z m-3383 -1128 c8 -6 39 -18 70 -28 66
-20 159 -78 208 -130 19 -20 42 -36 51 -36 9 0 34 18 55 41 65 67 117 98 235
140 61 23 78 24 305 24 239 0 241 0 370 -33 72 -18 149 -42 172 -53 24 -10 46
-19 50 -19 5 0 51 -21 103 -47 83 -42 109 -62 212 -165 126 -126 153 -168 213
-338 25 -68 28 -92 32 -255 3 -107 1 -200 -5 -230 -24 -113 -50 -203 -75 -258
-15 -32 -28 -72 -30 -90 -2 -30 4 -35 88 -92 214 -144 645 -594 756 -790 92
-165 111 -205 147 -310 54 -161 66 -247 65 -475 -1 -182 -4 -218 -27 -324 -15
-66 -38 -144 -51 -173 -21 -44 -30 -53 -58 -58 -43 -8 -5174 -2 -5181 6 -9 9
-46 114 -61 174 -32 127 -40 198 -40 380 0 254 16 338 110 570 43 107 78 170
151 276 32 46 75 109 96 140 49 73 421 448 521 527 43 33 97 70 120 81 23 11
48 29 54 40 13 20 9 34 -32 126 -17 37 -63 192 -77 260 -14 70 -4 356 16 420
53 175 112 273 245 406 94 94 117 111 201 151 52 25 111 51 130 58 36 12 57
20 101 38 15 6 48 14 75 18 27 3 60 11 74 17 49 20 128 25 361 23 150 -1 241
-5 250 -12z m4246 -636 c-10 -79 -217 -488 -217 -427 0 8 4 19 9 25 5 5 30 59
56 119 44 101 82 189 105 240 5 11 16 37 24 58 21 52 30 46 23 -15z m-1314
-3413 c-2 -88 -40 -164 -127 -253 -39 -41 -87 -82 -106 -92 -19 -9 -53 -27
-75 -38 -41 -21 -52 -26 -145 -61 -74 -28 -354 -98 -427 -106 -32 -3 -116 -17
-188 -30 -71 -13 -218 -31 -325 -40 -107 -9 -238 -20 -290 -25 -401 -40 -1379
-35 -1905 9 -60 5 -176 14 -256 20 -80 5 -186 17 -235 25 -49 8 -129 20 -179
26 -49 6 -128 20 -175 30 -47 10 -123 26 -170 35 -282 56 -540 198 -600 330
-44 99 -66 200 -48 223 8 9 542 12 2632 10 l2621 -3 -2 -60z"/>
<path d="M13798 13775 c-63 -33 -124 -98 -143 -153 -23 -70 -20 -227 6 -299
63 -169 242 -333 434 -399 51 -17 62 -20 200 -49 106 -22 152 -38 225 -77 142
-76 245 -241 305 -488 12 -51 24 -87 47 -148 4 -13 14 -22 20 -20 13 5 56 156
57 202 1 15 12 49 25 75 13 25 43 87 66 136 47 97 132 197 192 226 79 38 141
60 258 89 69 18 130 35 135 40 6 4 24 10 41 13 89 17 213 95 312 195 112 114
161 228 162 373 0 72 -4 93 -26 137 -31 62 -88 114 -164 149 -48 22 -65 24
-150 21 -98 -3 -113 -8 -238 -71 -105 -52 -326 -274 -376 -377 -13 -25 -31
-61 -42 -80 -57 -103 -183 -447 -184 -503 -1 -33 -53 -180 -66 -184 -15 -5
-32 44 -89 252 -18 66 -42 139 -55 170 -5 11 -16 42 -25 69 -15 48 -59 141
-103 217 -11 20 -26 47 -34 60 -58 104 -264 318 -357 373 -105 61 -160 76
-279 76 -94 -1 -113 -4 -154 -25z"/>
</g>
</svg>
